0.1 0.5 1.0 726.2466000000002
0.30000000000000004 0.5 1.0 166.98073333333335
0.5000000000000001 0.5 1.0 55.896263999999995
0.7000000000000001 0.5 1.0 8.367073469387764
0.9000000000000001 0.4995 0.99975 -18.00614176049384
1.1000000000000003 0.4995 0.998875 -34.7657544652893
1.3000000000000003 0.49425 0.995125 -46.220428907100576
1.5000000000000004 0.48475 0.98325 -54.210448397333295
1.7000000000000004 0.47125 0.9685 -59.81954789965396
1.9000000000000004 0.44925 0.942875 -63.65043195373965
2.1000000000000005 0.4265 0.89125 -65.99666956213146
2.3000000000000007 0.39525 0.85525 -66.77242701965953
2.5000000000000004 0.34975 0.76225 -66.13140424175994
2.7000000000000006 0.303 0.689875 -64.74750278504816
2.900000000000001 0.271 0.631 -62.36887814197374
3.1000000000000005 0.238 0.569875 -59.90550182778342
3.3000000000000007 0.2045 0.530625 -57.047147120936685
3.500000000000001 0.18925 0.483 -54.14543414497952
3.7000000000000006 0.177 0.476625 -51.369836731774896
3.900000000000001 0.15825 0.42275 -48.78042938099933
